[array([[-0.04015806, -0.165319  ,  0.04842155, ...,  0.13572939,
        -0.18598264, -0.19502708],
       [ 0.06389211, -0.17979142, -0.14030579, ...,  0.17012562,
         0.13756298,  0.16288929],
       [ 0.06930377,  0.01368127,  0.01906475, ..., -0.11194751,
        -0.03201981,  0.01941335],
       ...,
       [ 0.15196557,  0.12606065,  0.10132149, ..., -0.09052829,
         0.2126735 ,  0.30097705],
       [ 0.00147773, -0.04799616, -0.05979767, ..., -0.0030417 ,
        -0.06520414, -0.00340805],
       [-0.01951376,  0.15816088, -0.05074885, ..., -0.01965952,
        -0.01408606, -0.06399474]], dtype=float32), array([ 7.52286687e-02, -4.30791117e-02, -5.13161868e-02,  4.21291180e-02,
       -3.84637676e-02,  2.98319813e-02,  7.84437135e-02, -4.29423228e-02,
        5.92173040e-02,  3.03218644e-02,  4.00902703e-02, -5.80799244e-02,
        3.88757475e-02, -4.25946079e-02,  8.70666578e-02,  2.20052097e-02,
        1.35164469e-01, -7.99387321e-02, -1.62149407e-02,  1.25236645e-01,
       -3.50086391e-02, -3.24352309e-02,  1.50000432e-03,  4.83510783e-03,
       -5.57794869e-02,  3.28408033e-02,  0.00000000e+00,  1.53191295e-02,
       -7.29004666e-03, -2.07712557e-02,  2.64627058e-02,  5.52741736e-02,
        1.06114214e-02,  4.20072190e-02,  4.53811623e-02, -2.44633127e-02,
        2.18516260e-01, -9.93597358e-02,  1.29227387e-02,  1.11082099e-01,
        2.92277843e-01, -2.40474865e-02,  7.16601759e-02,  4.74314839e-02,
        9.13161348e-05,  1.95850842e-02,  2.17974812e-01,  1.06325492e-01,
       -8.06893781e-02,  1.93032548e-01,  1.45541400e-01,  1.05516464e-01,
       -2.93535627e-02, -3.54008637e-02,  9.62100998e-02, -5.38307950e-02,
        1.92544997e-01, -6.84269816e-02, -1.53440307e-03,  3.82754095e-02,
        1.98073655e-01,  1.07488744e-02,  1.50676239e-02, -2.77686194e-02,
        1.97691768e-02, -7.42663667e-02, -4.96386439e-02,  1.84887707e-01,
        2.57578909e-01,  1.99370041e-01,  3.59440856e-02, -6.03211634e-02,
        3.17297876e-02, -6.44266009e-02,  1.84347212e-01,  5.35952039e-02,
        1.02380896e-02, -1.83221698e-02,  7.72429481e-02,  1.68666109e-01,
        6.33971691e-02,  1.51043788e-01,  1.55901328e-01,  2.88950447e-02,
        7.20279152e-03, -9.01141316e-02, -1.15631804e-01,  3.19201685e-02,
        1.17812529e-01,  3.81880850e-02,  1.78762302e-01, -2.97275968e-02,
        2.87774000e-02, -2.86253486e-02,  6.63661677e-03,  3.35548595e-02,
       -5.16851358e-02, -2.40498446e-02, -1.78516563e-02,  1.49946347e-01,
       -5.21884300e-02, -6.09457456e-02,  2.07064241e-01, -7.27955857e-03,
        2.98084736e-01,  2.69039087e-02, -5.34483381e-02,  8.08741152e-03,
       -3.89539525e-02, -5.90825081e-02,  6.77651763e-02, -1.17817651e-02,
        6.22909591e-02, -2.59222798e-02,  2.28738710e-02, -5.44704385e-02,
       -5.92069477e-02,  1.19598307e-01,  2.51819313e-01, -3.61597352e-02,
        6.62840456e-02,  3.90748568e-02,  2.64106151e-02, -6.49335459e-02,
       -1.67175252e-02,  7.32246563e-02,  9.13693234e-02,  2.40459725e-01],
      dtype=float32), array([[ 0.06397424,  0.02643267,  0.14230801, ..., -0.05878409,
         0.00019457,  0.15433094],
       [-0.13386135, -0.13203974,  0.02628111, ..., -0.0538731 ,
        -0.05010953, -0.14811139],
       [-0.12921691, -0.00531193, -0.03894069, ...,  0.01170945,
        -0.11592613, -0.11013681],
       ...,
       [ 0.14244105, -0.10761903, -0.07994158, ..., -0.17284061,
        -0.09709474,  0.12402498],
       [-0.04069925, -0.14241366, -0.05165381, ..., -0.16395018,
         0.12631957,  0.03654566],
       [ 0.04439973, -0.08304474, -0.18758112, ...,  0.16189958,
         0.10338203, -0.05174325]], dtype=float32), array([-0.00614337,  0.00733965,  0.06720023, -0.05133948, -0.01909407,
       -0.00778748,  0.25551695,  0.00224348,  0.11914019,  0.09741899,
        0.04369871,  0.14366724,  0.12461682, -0.01092706,  0.01732623,
        0.00446987,  0.12181862,  0.10302849,  0.02526622,  0.06606909,
       -0.02360701,  0.00664124,  0.10917296,  0.01110356, -0.02363767,
        0.12476082, -0.09165436,  0.1214507 ,  0.02051638,  0.07633654,
        0.06426242,  0.06958399, -0.05872405, -0.07402009,  0.02412911,
        0.0396504 , -0.02165515,  0.04102166,  0.11593779, -0.06954542,
        0.09917241,  0.25080597, -0.02942866,  0.14657041,  0.12244501,
       -0.03258289,  0.07968452, -0.02701115,  0.05975563,  0.16597985,
        0.03322318, -0.02578571, -0.00242463,  0.01404957, -0.01702016,
        0.08202269,  0.14197673,  0.25037992,  0.0767176 ,  0.19221544,
        0.18013224,  0.01675275,  0.12428182,  0.26092923], dtype=float32), array([[-0.21330866, -0.01027663, -0.3067157 ],
       [ 0.02216826,  0.44122106, -0.09020355],
       [-0.21468148, -0.1821309 ,  0.34990337],
       [ 0.02084566, -0.18508953,  0.17194942],
       [-0.03327649,  0.21380107,  0.31629127],
       [ 0.0156132 ,  0.38427395,  0.02149625],
       [ 0.5666176 , -0.28178564, -0.10937468],
       [-0.11540508,  0.3932152 , -0.27284166],
       [ 0.29689443,  0.38726297, -0.5149315 ],
       [ 0.41108406, -0.07518152, -0.20062062],
       [ 0.04188481,  0.3387208 , -0.1850858 ],
       [ 0.29610592, -0.25580627,  0.3178832 ],
       [ 0.32930538,  0.2813568 , -0.3344817 ],
       [-0.283627  , -0.06088022, -0.13096973],
       [ 0.06009521, -0.26018068, -0.05980032],
       [-0.09335925, -0.07490946, -0.15555878],
       [-0.11430256, -0.22171712,  0.5600063 ],
       [-0.04113446, -0.38600844,  0.05552332],
       [ 0.03941382,  0.03106175,  0.21627109],
       [-0.31293437, -0.24110931,  0.16378056],
       [ 0.01528565,  0.11291724, -0.03296357],
       [-0.27393186,  0.24017248, -0.03972213],
       [-0.5325028 ,  0.37859657,  0.31936935],
       [ 0.20330532,  0.27588958,  0.16816628],
       [ 0.22215052,  0.21290062,  0.14037412],
       [-0.16214609,  0.38816777,  0.3810439 ],
       [-0.12615474,  0.18317112, -0.2505643 ],
       [ 0.4205142 , -0.0658965 ,  0.04091163],
       [ 0.15633127,  0.19038032, -0.25114927],
       [ 0.21556646,  0.34854192, -0.28600323],
       [ 0.30885515,  0.05042878,  0.0652876 ],
       [-0.6593244 ,  0.37657154,  0.3623568 ],
       [-0.23610236,  0.29336262, -0.2800626 ],
       [ 0.00636793,  0.6837041 , -0.2874405 ],
       [-0.42686373,  0.40850586,  0.22044632],
       [-0.37232155,  0.34030235, -0.3171006 ],
       [-0.06501456, -0.22015366,  0.04550182],
       [ 0.13705066,  0.03371578, -0.07829775],
       [-0.01086374, -0.35253495,  0.34953082],
       [-0.2264088 , -0.09116679, -0.07372782],
       [ 0.2719169 ,  0.05473805, -0.19893448],
       [ 0.5560194 , -0.2229617 , -0.14286484],
       [ 0.26319838,  0.22938623,  0.00207002],
       [ 0.39079362,  0.15604597, -0.4997139 ],
       [-0.06516585, -0.21765934,  0.3663932 ],
       [ 0.05974622, -0.2647183 , -0.25411186],
       [-0.34915784,  0.29537994, -0.22045876],
       [ 0.12630671,  0.3098249 ,  0.01207124],
       [ 0.18148874, -0.13861494,  0.01580661],
       [ 0.28999573,  0.126172  , -0.3560836 ],
       [-0.41326022, -0.15518387,  0.5153271 ],
       [-0.19816922, -0.17072468, -0.00905722],
       [ 0.20442489,  0.02119244, -0.22920512],
       [-0.19436584, -0.16638264,  0.0696281 ],
       [-0.35105464,  0.15552841, -0.16881932],
       [ 0.23699483,  0.01608432, -0.4018353 ],
       [-0.08350176, -0.18217522,  0.6225899 ],
       [ 0.2907318 , -0.43223518,  0.06056296],
       [-0.48039016,  0.27417374,  0.52161056],
       [ 0.346603  , -0.06009504, -0.2804668 ],
       [ 0.5834935 , -0.06354035, -0.13701749],
       [ 0.13080893,  0.1979168 ,  0.04644409],
       [ 0.26285273, -0.21295552, -0.01646869],
       [ 0.4054011 , -0.50575715,  0.2514852 ]], dtype=float32), array([ 0.40960756, -0.44826528,  0.03865733], dtype=float32)]